221
220
219
219
217
222
221
222
225
224
227
225
224
222
223
222
226
226
229
228
230
228
231
235
238
237
241
241
240
244
243
243
243
241
245
244
244
243
243
249
248
253
251
249
250
251
249
252
251
250
250
248
253
255
254
257
259
260
266
272
274
277
276
277
281
280
279
278
278
280
279
282
284
283
282
282
288
287
288
287
286
288
288
288
292
294
295
297
297
297
296
295
294
298
301
301
301
301
307
309
310
313
316
314
319
323
327
330
329
332
331
336
335
340
343
342
342
341
345
349
347
346
346
345
345
344
343
344
345
343
342
345
347
346
345
348
351
356
355
355
354
353
352
357
358
360
362
364
365
366
368
374
373
373
372
371
374
380
378
377
377
376
375
376
381
381
380
381
386
385
388
389
392
391
390
389
394
392
391
396
402
407
413
416
418
423
422
422
420
420
420
423
422
420
425
424
423
422
424
423
421
420
418
424
422
420
421
419
423
423
423
421
426
428
431
429
428
434
433
432
430
430
430
434
433
431
431
432
432
437
437
441
439
438
442
444
443
442
441
441
446
444
445
444
442
441
439
441
442
447
447
450
453
458
457
458
461
460
460
458
461
464
464
463
464
468
467
472
472
477
478
482
481
480
479
484
486
487
492
491
496
497
496
500
500
499
498
497
495
495
493
492
492
491
490
494
493
493
495
500
505
504
504
506
506
506
505
505
506
506
505
506
509
515
518
517
519
525
524
527
532
536
535
541
541
544
549
548
547
545
551
554
560
559
559
564
565
563
562
563
562
562
563
562
565
567
567
568
568
567
570
569
567
568
566
568
571
569
574
573
573
578
583
584
582
588
590
590
596
594
594
593
592
590
593
592
595
594
595
594
592
594
593
594
592
596
602
607
611
611
610
610
614
612
613
615
621
620
619
619
619
618
619
622
625
626
625
627
626
626
630
634
633
633
638
642
648
647
650
650
651
651
650
648
654
654
654
652
651
655
658
656
654
654
655
655
653
653
653
658
659
658
658
661
663
662
662
661
659
660
659
660
665
664
670
671
673
672
676
676
675
673
677
676
679
678
682
680
680
679
682
682
680
679
684
683
683
686
685
683
687
688
690
690
694
698
697
697
697
699
698
700
702
704
707
706
704
707
712
711
713
717
715
720
719
718
717
722
721
721
719
724
729
728
727
725
723
726
724
724
729
735
733
735
736
737
735
740
740
746
747
752
754
753
755
757
762
762
765
770
770
768
768
766
764
765
765
769
767
767
766
768
769
767
767
767
769
769
773
778
779
780
784
783
786
790
795
793
793
794
799
802
806
804
810
809
815
820
819
820
824
827
831
836
838
841
840
839
841
842
842
847
846
849
850
851
856
855
854
854
855
855
859
865
865
866
864
865
869
871
873
871
871
870
873
871
870
869
870
870
869
874
874
877
877
881
886
884
884
883
882
882
882
881
880
881
879
880
886
884
885
885
886
885
884
883
889
888
889
887
890
890
892
896
896
897
899
903
905
904
902
901
900
904
903
906
908
908
910
915
920
919
917
916
915
915
915
916
915
919
917
916
922
924
922
928
931
932
938
937
940
938
939
945
948
953
955
958
958
962
967
971
971
975
974
976
976
975
975
974
974
974
975
973
976
979
978
976
977
977
981
986
985
983
985
985
985
988
986
988
993
994
997
1001
999
1002
1007
1006
1004
1003
1005
1008
1009
1008
1008
1009
1009
1012
1012
1017
1019
1019
1020
1025
1024
1023
1021
1025
1024
1024
1030
1032
1031
1031
1030
1034
1034
1039
1039
1037
1038
1040
1041
1047
1047
1045
1048
1051
1056
1055
1056
1057
1056
1061
1062
1063
1064
1065
1065
1070
1073
1077
1076
1076
1081
1079
1082
1088
1090
1094
1093
1096
1096
1097
1097
1097
1097
1095
1099
1103
1102
1104
1109
1108
1106
1107
1107
1109
1109
1108
1110
1108
1109
1109
1108
1106
1105
1104
1103
1102
1102
1102
1104
1103
1104
1102
1101
1099
1097
1103
1104
1106
1109
1113
1111
1110
1113
1119
1124
1130
1130
1128
1129
1130
1135
1134
1135
1135
1135
1140
1139
1145
1148
1146
1146
1146
1149
1149
1155
1154
1156
1158
1159
1161
1160
1159
1161
1160
1158
1164
1169
1171
1175
1179
1185
1187
1189
1188
1186
1186
1190
1190
1189
1188
1192
1196
1196
1196
1201
1206
1205
1205
1204
1207
1206
1204
1209
1211
1215
1214
1213
1219
1219
1222
1222
1222
1222
1224
1227
1231
1230
1229
1229
1230
1231
1230
1230
1228
1233
1237
1235
1240
1244
1242
1242
1248
1247
1245
1251
1252
1251
1255
1253
1256
1256
1256
1256
1261
1265
1264
1265
1267
1265
1270
1274
1274
1275
1278
1280
1280
1283
1288
1286
1285
1286
1285
1290
1292
1291
1295
1300
1299
1298
1297
1302
1308
1306
1306
1309
1312
1311
1315
1314
1315
1321
1321
1321
1322
1321
1324
1323
1328
1330
1328
1328
1327
1327
1326
1325
1324
1326
1326
1332
1331
1333
1335
1341
1344
1343
1344
1347
1352
1357
1355
1354
1355
1354
1354
1355
1357
1360
1359
1360
1360
1362
1366
1365
1367
1372
1370
1369
1369
1367
1371
1372
1376
1377
1381
1380
1383
1382
1380
1380
1379
1382
1385
1388
1388
1388
1386
1385
1384
1389
1394
1394
1398
1399
1404
1406
1405
1406
1409
1413
1417
1417
1417
1421
1419
1421
1419
1422
1422
1425
1423
1422
1426
1428
1432
1434
1434
1433
1432
1437
1439
1441
1441
1441
1440
1439
1437
1438
1437
1439
1438
1440
1444
1449
1448
1451
1451
1450
1448
1447
1449
1454
1455
1460
1466
1472
1471
1474
1477
1475
1474
1476
1474
1474
1477
1481
1486
1485
1483
1487
1493
1491
1490
1488
1493
1498
1499
1501
1506
1504
1503
1501
1500
1499
1499
1500
1499
1502
1505
1510
1512
1514
1517
1515
1520
1518
1516
1515
1515
1514
1513
1511
1516
1517
1515
1519
1519
1521
1519
1519
1519
1519
1524
1523
1525
1523
1527
1526
1529
1535
1534
1534
1533
1533
1536
1534
1533
1532
1533
1538
1544
1544
1542
1543
1541
1541
1541
1540
1543
1546
1546
1548
1547
1550
1551
1555
1559
1559
1558
1564
1563
1563
1564
1564
1564
1568
1568
1567
1565
1565
1570
1570
1570
1569
1573
1578
1581
1585
1584
1582
1588
1593
1597
1601
1600
1599
1599
1597
1597
1596
1595
1599
1599
1604
1603
1605
1604
1603
1608
1609
1608
1607
1612
1612
1616
1619
1621
1620
1618
1618
1621
1623
1624
1623
1623
1625
1625
1626
1629
1634
1633
1631
1630
1631
1634
1636
1642
1648
1648
1650
1654
1654
1659
1663
1661
1663
1667
1671
1672
1675
1674
1676
1677
1679
1681
1683
1682
1687
1687
1692
1692
1695
1694
1692
1697
1699
1703
1709
1708
1706
1710
1709
1709
1715
1715
1718
1718
1717
1720
1720
1720
1723
1723
1722
1726
1729
1728
1726
1727
1731
1731
1732
1734
1732
1734
1739
1738
1737
1736
1735
1740
1746
1746
1745
1743
1742
1740
1740
1739
1741
1743
1746
1747
1753
1758
1757
1755
1759
1759
1764
1763
1763
1762
1767
1766
1767
1767
1766
1766
1768
1770
1770
1768
1767
1765
1770
1775
1779
1777
1778
1776
1775
1777
1777
1775
1780
1778
1777
1780
1780
1782
1787
1790
1789
1789
1789
1788
1792
1794
1797
1796
1800
1802
1801
1806
1804
1810
1813
1812
1812
1811
1815
1813
1816
1816
1815
1817
1820
1822
1827
1830
1835
1841
1844
1846
1844
1846
1844
1842
1842
1847
1846
1848
1850
1850
1849
1848
1846
1847
1851
1849
1853
1857
1859
1861
1859
1859
1859
1865
1870
1875
1875
1874
1873
1878
1877
1876
1879
1879
1881
1880
1880
1885
1886
1886
1888
1889
1888
1891
1890
1892
1897
1896
1895
1900
1903
1909
1910
1910
1914
1919
1918
1916
1915
1913
1913
1913
1912
1910
1916
1917
1919
1918
1916
1919
1920
1919
1917
1918
1918
1918
1919
1925
1924
1922
1920
1919
1917
1915
1920
1918
1924
1928
1929
1935
1941
1939
1938
1937
1941
1943
1946
1951
1951
1951
1953
1956
1962
1960
1959
1958
1962
1964
1967
1970
1970
1968
1972
1975
1979
1984
1982
1981
1986
1985
1985
1988
1989
1987
1986
1986
1986
1990
1991
1991
1991
1993
1994
1995
1994
1997
1998
1999
2003
2008
2011
2009
2010
2009
2014
2019
2017
2020
2023
2022
2020
2025
2024
2023
2021
2022
2020
2019
2023
2024
2023
2029
2030
2030
2028
2026
2024
2024
2026
2024
2024
2025
2024
2025
2029
2030
2035
2034
2032
2034
2039
2042
2045
2049
2052
2057
2057
2063
2064
2062
2062
2061
2060
2059
2058
2060
2060
2060
2065
2063
2068
2070
2070
2070
2068
2071
2069
2073
2075
2074
2079
2084
2088
2087
2086
2091
2096
2094
2097
2095
2099
2103
2108
2113
2114
2113
2111
2114
2112
2114
2118
2117
2122
2123
2123
2121
2120
2120
2123
2122
2121
2122
2122
2120
2119
2117
2119
2122
2122
2126
2125
2124
2127
2129
2132
2136
2135
2136
2135
2133
2132
2130
2136
2135
2136
2135
2137
2138
2137
2136
2135
2138
2143
2147
2152
2151
2151
2150
2155
2157
2162
2162
2160
2160
2166
2164
2168
2166
2170
2169
2168
2172
2175
2175
2180
2183
2188
2193
2198
2203
2203
2207
2208
2206
2206
2204
2206
2205
2204
2204
2208
2209
2207
2211
2210
2214
2212
2215
2218
2223
2222
2221
2221
2221
2223
2223
2224
2225
2223
2222
2225
2223
2226
2225
2224
2229
2228
2228
2226
2224
2223
2224
2224
2229
2229
2234
2233
2238
2237
2242
2241
2240
2244
2242
2245
2243
2243
2246
2247
2247
2246
2250
2253
2254
2258
2257
2262
2266
2271
2270
2268
2268
2273
2272
2270
2269
2271
2276
2281
2286
2286
2289
2294
2297
2303
2301
2300
2299
2298
2296
2296
2300
2298
2298
2297
2296
2296
2295
2295
2297
2300
2300
2304
2304
2306
2305
2306
2312
2312
2312
2318
2323
2325
2323
2323
2321
2320
2319
2321
2321
2327
2326
2330
2335
2333
2333
2335
2339
2340
2340
2340
2342
2348
2350
2349
2348
2347
2346
2344
2343
2344
2342
2340
2343
2342
2341
2342
2345
2343
2344
2343
2341
2346
2347
2351
2351
2355
2355
2354
2354
2353
2352
2352
2350
2349
2347
2346
2345
2348
2348
2346
2352
2355
2354
2354
2360
2359
2357
2355
2354
2356
2354
2358
2357
2356
2355
2360
2359
2359
2359
2359
2363
2362
2363
2362
2361
2364
2363
2362
2367
2373
2374
2379
2377
2376
2375
2375
2374
2377
2380
2383
2383
2381
2380
2385
2385
2384
2384
2383
2387
2386
2386
2385
2386
2389
2390
2390
2391
2390
2392
2391
2390
2395
2398
2398
2402
2404
2402
2402
2407
2411
2416
2418
2416
2420
2418
2423
2421
2421
2419
2421
2420
2419
2418
2416
2417
2419
2419
2419
2417
2419
2423
2424
2428
2429
2428
2426
2431
2429
2433
2437
2436
2439
2441
2444
2446
2447
2445
2444
2447
2446
2448
